[7.JPG]
filters=tilt=1,0.098771,0.000000;
moddate=00c8a08d5d03cf01
width=837
height=1257
textactive=0
